{
 "cells": [
  {
   "cell_type": "markdown",
   "id": "152c5fda",
   "metadata": {},
   "source": [
    "### Problem 1"
   ]
  },
  {
   "cell_type": "code",
   "execution_count": null,
   "id": "702092cb",
   "metadata": {},
   "outputs": [
    {
     "name": "stdout",
     "output_type": "stream",
     "text": [
      "Q:\n",
      "[[ 0.84327404 -0.37792504  0.26595486 -0.27446232]\n",
      " [ 0.52704628  0.51070951 -0.3364329   0.59009399]\n",
      " [ 0.10540926  0.46985275 -0.44547439 -0.75477139]\n",
      " [ 0.          0.61285141  0.78589661 -0.0823387 ]]\n",
      "\n",
      "R:\n",
      "[[ 9.48683298e+00  8.85437745e+00  3.16227766e+00  2.84604989e+00]\n",
      " [-1.59633686e-16  6.52686755e+00  6.89457840e+00  7.78321295e+00]\n",
      " [ 1.12338031e-16  1.80294070e-16  3.53055077e+00 -1.32046588e+00]\n",
      " [-1.15931541e-16 -1.86061384e-16 -9.58211740e-17 -3.25237853e+00]]\n",
      "\n",
      "Check Q^T Q (should be close to I):\n",
      "[[ 1.00000000e+00  6.68535112e-17 -5.23706133e-17  2.43778993e-17]\n",
      " [ 6.68535112e-17  1.00000000e+00 -9.68607307e-17  4.03305323e-17]\n",
      " [-5.23706133e-17 -9.68607307e-17  1.00000000e+00  1.12172763e-18]\n",
      " [ 2.43778993e-17  4.03305323e-17  1.12172763e-18  1.00000000e+00]]\n",
      "\n",
      "Check Q R (should be close to A):\n",
      "[[ 8.00000000e+00  5.00000000e+00  1.00000000e+00 -8.58025927e-16]\n",
      " [ 5.00000000e+00  8.00000000e+00  4.00000000e+00  4.00000000e+00]\n",
      " [ 1.00000000e+00  4.00000000e+00  2.00000000e+00  7.00000000e+00]\n",
      " [-4.63167202e-34  4.00000000e+00  7.00000000e+00  4.00000000e+00]]\n"
     ]
    }
   ],
   "source": [
    "import numpy as np\n",
    "\n",
    "def givens_cs(a, b):\n",
    "    if b == 0.0:\n",
    "        return 1.0, 0.0\n",
    "    r = np.hypot(a, b)\n",
    "    c = a / r\n",
    "    s = b / r\n",
    "    return c, s\n",
    "\n",
    "def qr_rotation(A_init):\n",
    "    A = A_init.astype(float).copy()\n",
    "    m, n = A.shape\n",
    "    Q = np.eye(m)\n",
    "    for j in range(n):\n",
    "        for i in range(m-1, j, -1):\n",
    "            a = A[i-1, j]\n",
    "            b = A[i, j]\n",
    "            if abs(b) < 1e-15:\n",
    "                continue\n",
    "            c, s = givens_cs(a, b)\n",
    "            G = np.eye(m)\n",
    "            G[i-1, i-1] = c\n",
    "            G[i-1, i]   = s\n",
    "            G[i,   i-1] = -s\n",
    "            G[i,   i]   = c\n",
    "            A = G @ A\n",
    "            Q = Q @ G.T\n",
    "    R = A\n",
    "    return Q, R\n",
    "\n",
    "A = np.array([\n",
    "    [8, 5, 1, 0],\n",
    "    [5, 8, 4, 4],\n",
    "    [1, 4, 2, 7],\n",
    "    [0, 4, 7, 4]\n",
    "], dtype=float)\n",
    "\n",
    "Q, R = qr_rotation(A)\n",
    "\n",
    "print(\"Q:\")\n",
    "print(Q)\n",
    "print(\"\\nR:\")\n",
    "print(R)\n",
    "print(\"\\Q R\")\n",
    "print(Q @ R)"
   ]
  }
 ],
 "metadata": {
  "kernelspec": {
   "display_name": "ml417T",
   "language": "python",
   "name": "python3"
  },
  "language_info": {
   "codemirror_mode": {
    "name": "ipython",
    "version": 3
   },
   "file_extension": ".py",
   "mimetype": "text/x-python",
   "name": "python",
   "nbconvert_exporter": "python",
   "pygments_lexer": "ipython3",
   "version": "3.12.4"
  }
 },
 "nbformat": 4,
 "nbformat_minor": 5
}
